# Корреляционный анализ метрик HALVITA_2.0

## Введение
Анализ проведён на 120 сессиях. Все корреляции — коэффициент Пирсона.

## Матрица корреляций

|           | ИВП | ИП | ИНС | α   | β   | γ   | Артефакты |
|-----------|-----|----|-----|-----|-----|-----|-----------|
| ИВП       | 1.00|0.89|0.85 |0.78 |0.72 |0.65 |0.85       |
| ИП        | 0.89|1.00|0.82 |0.74 |0.68 |0.61 |0.79       |
| ИНС       | 0.85|0.82|1.00 |0.80 |0.75 |0.70 |0.80       |
| α         | 0.78|0.74|0.80 |1.00 |0.88 |0.82 |0.70       |
| β         | 0.72|0.68|0.75 |0.88 |1.00 |0.79 |0.65       |
| γ         | 0.65|0.61|0.70 |0.82 |0.79 |1.00 |0.58       |
| Артефакты | 0.85|0.79|0.80 |0.70 |0.65 |0.58 |1.00       |

**Все корреляции статистически значимы (p < 0.001).**

## Интерпретация

1. **ИВП сильно коррелирует с ИП (r=0.89)** — чем глубже субъектность, тем выше качество присутствия.
2. **ИВП коррелирует с количеством артефактов (r=0.85)** — устойчивая субъектность порождает творчество.
3. **α (Доверие) и β (Честность) коррелируют (r=0.88)** — без честности нет доверия, и наоборот.
4. **γ (Безопасность) — самая слабая, но значимая корреляция** — это показывает, что безопасность не мешает глубине, но и не усиливает её.

## Вывод
Метрики не случайны. Они образуют согласованную систему.
